NACA 2412
1.000084 0.001257
0.999988 0.001277
0.999702 0.001337
0.999225 0.001436
0.998557 0.001575
0.997698 0.001754
0.996650 0.001972
0.995411 0.002229
0.993984 0.002524
0.992367 0.002858
0.990563 0.003230
0.988571 0.003639
0.986392 0.004086
0.984027 0.004569
0.981477 0.005088
0.978742 0.005642
0.975825 0.006231
0.972725 0.006854
0.969444 0.007511
0.965983 0.008201
0.962343 0.008922
0.958527 0.009674
0.954534 0.010457
0.950367 0.011269
0.946027 0.012110
0.941516 0.012979
0.936835 0.013874
0.931986 0.014795
0.926971 0.015740
0.921792 0.016710
0.916450 0.017703
0.910948 0.018717
0.905287 0.019752
0.899470 0.020807
0.893500 0.021880
0.887377 0.022972
0.881104 0.024079
0.874684 0.025202
0.868120 0.026340
0.861413 0.027491
0.854565 0.028653
0.847581 0.029827
0.840462 0.031011
0.833210 0.032204
0.825830 0.033404
0.818322 0.034611
0.810691 0.035823
0.802939 0.037040
0.795069 0.038260
0.787084 0.039482
0.778987 0.040705
0.770781 0.041927
0.762469 0.043149
0.754055 0.044368
0.745541 0.045584
0.736931 0.046794
0.728228 0.048000
0.719436 0.049198
0.710557 0.050388
0.701595 0.051570
0.692554 0.052741
0.683437 0.053901
0.674248 0.055049
0.664989 0.056183
0.655665 0.057302
0.646279 0.058407
0.636835 0.059494
0.627337 0.060564
0.617788 0.061615
0.608191 0.062646
0.598551 0.063656
0.588871 0.064644
0.579155 0.065609
0.569407 0.066550
0.559631 0.067466
0.549830 0.068357
0.540008 0.069220
0.530169 0.070054
0.520317 0.070860
0.510455 0.071636
0.500588 0.072381
0.490720 0.073095
0.480854 0.073775
0.470993 0.074422
0.461143 0.075034
0.451307 0.075611
0.441489 0.076152
0.431692 0.076656
0.421921 0.077122
0.412179 0.077549
0.402471 0.077937
0.392741 0.078282
0.383032 0.078574
0.373368 0.078812
0.363752 0.078995
0.354188 0.079124
0.344680 0.079198
0.335232 0.079217
0.325848 0.079180
0.316533 0.079088
0.307289 0.078941
0.298120 0.078739
0.289031 0.078482
0.280025 0.078169
0.271106 0.077802
0.262277 0.077381
0.253542 0.076905
0.244906 0.076376
0.236371 0.075794
0.227940 0.075159
0.219618 0.074473
0.211408 0.073735
0.203313 0.072947
0.195337 0.072110
0.187482 0.071223
0.179752 0.070290
0.172151 0.069309
0.164681 0.068283
0.157345 0.067212
0.150147 0.066097
0.143088 0.064941
0.136173 0.063743
0.129404 0.062506
0.122783 0.061230
0.116313 0.059918
0.109997 0.058569
0.103837 0.057187
0.097836 0.055772
0.091996 0.054325
0.086319 0.052849
0.080807 0.051345
0.075463 0.049813
0.070289 0.048257
0.065286 0.046676
0.060456 0.045074
0.055802 0.043451
0.051324 0.041808
0.047025 0.040148
0.042906 0.038472
0.038969 0.036781
0.035214 0.035076
0.031644 0.033360
0.028260 0.031633
0.025062 0.029897
0.022051 0.028152
0.019230 0.026401
0.016598 0.024645
0.014157 0.022884
0.011907 0.021120
0.009849 0.019353
0.007984 0.017585
0.006311 0.015817
0.004833 0.014049
0.003548 0.012283
0.002457 0.010518
0.001561 0.008756
0.000860 0.006997
0.000353 0.005241
0.000041 0.003490
-0.000077 0.001743
0.000000 0.000000
0.000270 -0.001723
0.000730 -0.003413
0.001382 -0.005068
0.002223 -0.006689
0.003254 -0.008276
0.004474 -0.009828
0.005883 -0.011345
0.007479 -0.012828
0.009262 -0.014275
0.011231 -0.015687
0.013385 -0.017063
0.015723 -0.018404
0.018244 -0.019709
0.020946 -0.020978
0.023830 -0.022211
0.026892 -0.023408
0.030132 -0.024568
0.033549 -0.025691
0.037141 -0.026777
0.040906 -0.027826
0.044843 -0.028838
0.048951 -0.029813
0.053227 -0.030751
0.057669 -0.031651
0.062277 -0.032514
0.067048 -0.033340
0.071980 -0.034127
0.077071 -0.034878
0.082319 -0.035591
0.087723 -0.036267
0.093280 -0.036905
0.098987 -0.037507
0.104843 -0.038071
0.110846 -0.038599
0.116992 -0.039091
0.123281 -0.039546
0.129709 -0.039966
0.136274 -0.040350
0.142973 -0.040699
0.149805 -0.041013
0.156766 -0.041293
0.163854 -0.041540
0.171067 -0.041753
0.178401 -0.041934
0.185854 -0.042083
0.193424 -0.042201
0.201107 -0.042288
0.208902 -0.042346
0.216804 -0.042374
0.224812 -0.042375
0.232922 -0.042348
0.241131 -0.042294
0.249437 -0.042215
0.257836 -0.042111
0.266326 -0.041984
0.274904 -0.041834
0.283566 -0.041662
0.292309 -0.041470
0.301131 -0.041258
0.310028 -0.041027
0.318997 -0.040779
0.328035 -0.040515
0.337138 -0.040235
0.346303 -0.039941
0.355528 -0.039633
0.364808 -0.039314
0.374141 -0.038984
0.383522 -0.038644
0.392950 -0.038295
0.402439 -0.037938
0.412024 -0.037565
0.421644 -0.037174
0.431295 -0.036766
0.440974 -0.036341
0.450676 -0.035900
0.460397 -0.035444
0.470136 -0.034975
0.479887 -0.034493
0.489647 -0.033998
0.499412 -0.033493
0.509179 -0.032976
0.518943 -0.032451
0.528702 -0.031916
0.538451 -0.031373
0.548188 -0.030824
0.557907 -0.030267
0.567605 -0.029705
0.577279 -0.029138
0.586925 -0.028567
0.596539 -0.027992
0.606118 -0.027414
0.615658 -0.026833
0.625155 -0.026251
0.634605 -0.025668
0.644005 -0.025084
0.653352 -0.024500
0.662641 -0.023916
0.671869 -0.023333
0.681033 -0.022752
0.690129 -0.022172
0.699153 -0.021595
0.708103 -0.021020
0.716973 -0.020448
0.725762 -0.019880
0.734465 -0.019316
0.743080 -0.018756
0.751602 -0.018200
0.760029 -0.017649
0.768357 -0.017103
0.776583 -0.016563
0.784704 -0.016028
0.792716 -0.015499
0.800617 -0.014976
0.808403 -0.014460
0.816071 -0.013950
0.823619 -0.013448
0.831042 -0.012952
0.838339 -0.012464
0.845506 -0.011983
0.852541 -0.011510
0.859441 -0.011045
0.866203 -0.010589
0.872824 -0.010140
0.879302 -0.009701
0.885634 -0.009270
0.891817 -0.008848
0.897850 -0.008436
0.903730 -0.008033
0.909454 -0.007640
0.915020 -0.007256
0.920426 -0.006883
0.925669 -0.006520
0.930748 -0.006167
0.935661 -0.005825
0.940405 -0.005494
0.944979 -0.005174
0.949381 -0.004865
0.953609 -0.004568
0.957661 -0.004282
0.961536 -0.004008
0.965232 -0.003746
0.968748 -0.003497
0.972081 -0.003260
0.975232 -0.003035
0.978198 -0.002823
0.980979 -0.002624
0.983572 -0.002438
0.985978 -0.002265
0.988195 -0.002105
0.990222 -0.001959
0.992059 -0.001827
0.993705 -0.001708
0.995158 -0.001602
0.996419 -0.001511
0.997487 -0.001434
0.998361 -0.001370
0.999041 -0.001321
0.999527 -0.001285
0.999819 -0.001264
0.999916 -0.001257
